waveHeight	wavePeriod	value
0.5	6.5	0
1	6.5	0
1.5	6.5	0
2	6.5	0
2.5	6.5	0
3	6.5	2.00781727606476E-03
3.5	6.5	3.08406853585254E-03
4	6.5	4.73722327585393E-03
4.5	6.5	7.27651934592586E-03
5	6.5	1.11769555092564E-02
5.5	6.5	1.71681443444307E-02
6	6.5	2.63707930113086E-02
6.5	6.5	4.05063418674527E-02
7	6.5	6.22189757729068E-02
7.5	6.5	9.55702432694898E-02
8	6.5	0.146798806716563
8.5	6.5	0.225487441657338
9	6.5	0.346355583416572
9.5	6.5	0.532012733312812
10	6.5	0.817187774526365
10.5	6.5	1.19123056152281
11	6.5	1.66398722555159
11.5	6.5	2.24117893564328
12	6.5	2.92547002651
12.5	6.5	3.71664838628447
13	6.5	4.61196487369335
13.5	6.5	5.60656107575724
14	6.5	6.69392815291175
14.5	6.5	7.86635508054533
15	6.5	9.11533911661616
15.5	6.5	10.4319432975831
16	6.5	11.8070947728371
16.5	6.5	13.2318240262481
0.5	7	0
1	7	0
1.5	7	0
2	7	0
2.5	7	0
3	7	1.50972910528319E-03
3.5	7	2.34537644050855E-03
4	7	3.64356137034317E-03
4.5	7	5.66030221424856E-03
5	7	8.7933255131667E-03
5.5	7	1.36605026823242E-02
6	7	2.12217019891244E-02
6.5	7	3.29680865915675E-02
7	7	5.12161905801006E-02
7.5	7	7.95647684997318E-02
8	7	0.123604514797232
8.5	7	0.192020618753019
9	7	0.298305592532596
9.5	7	0.46342016349129
10	7	0.719926992005112
10.5	7	1.05992965158071
11	7	1.49368018574075
11.5	7	2.02765166465958
12	7	2.66540340268493
12.5	7	3.40768275959829
13	7	4.25269867939912
13.5	7	5.19649932508055
14	7	6.23339655908694
14.5	7	7.35639378577523
15	7	8.55758736878871
15.5	7	9.82852364028931
16	7	11.1605027432054
16.5	7	12.5448271879412
0.5	7.5	0
1	7.5	0
1.5	7.5	0
2	7.5	0
2.5	7.5	0
3	7.5	1.1114799543756E-03
3.5	7.5	1.74138558956824E-03
4	7.5	2.72827571889002E-03
4.5	7.5	4.27446307289726E-03
5	7.5	6.69691645718115E-03
5.5	7.5	1.04922394391081E-02
6	7.5	1.64384742069654E-02
6.5	7.5	2.57546004188443E-02
7	7.5	0.040350426346338
7.5	7.5	6.32181000618418E-02
8	7.5	9.90455005636326E-02
8.5	7.5	0.155177254177271
9	7.5	0.243120384842993
9.5	7.5	0.380903256985602
10	7.5	0.596771394862413
10.5	7.5	0.934977822306971
11	7.5	1.33012281649325
11.5	7.5	1.82091296678283
12	7.5	2.41176632896566
12.5	7.5	3.10437954985966
13	7.5	3.89793185824805
13.5	7.5	4.78940771010307
14	7.5	5.77398177371766
14.5	7.5	6.84542159543178
15	7.5	7.99647588496873
15.5	7.5	9.21922778904464
16	7.5	10.5054018251816
16.5	7.5	11.8466201095646
0.5	8	0
1	8	0
1.5	8	0
2	8	0
2.5	8	0
3	8	0
3.5	8	3.05955878860249E-03
4	8	4.56046896339759E-03
4.5	8	6.79767201845874E-03
5	8	1.01323669213421E-02
5.5	8	1.51029439416798E-02
6	8	2.25119083701035E-02
6.5	8	3.35554459065001E-02
7	8	5.00165481963035E-02
7.5	8	0.074552878851434
8	8	0.111125856251059
8.5	8	0.165640229026428
9	8	0.24689740441632
9.5	8	0.368016445436029
10	8	0.548552158462535
10.5	8	0.817652238875862
11	8	1.17503920727632
11.5	8	1.62317016702909
12	8	2.16726736928791
12.5	8	2.80994906057401
13	8	3.5513614991202
13.5	8	4.38944244543583
14	8	5.32026177841877
14.5	8	6.33839414033031
15	8	7.43728973430892
15.5	8	8.60962022735131
16	8	9.84758593234796
16.5	8	11.1431776230689
0.5	8.5	0
1	8.5	0
1.5	8.5	0
2	8.5	0
2.5	8.5	0
3	8.5	0
3.5	8.5	2.48222528685932E-03
4	8.5	3.71750052899156E-03
4.5	8.5	5.56750841924518E-03
5	8.5	8.33816962677729E-03
5.5	8.5	1.24876457275905E-02
6	8.5	1.87021016359536E-02
6.5	8.5	2.80091710824843E-02
7	8.5	4.19478879966997E-02
7.5	8.5	6.28231839564883E-02
8	8.5	9.40870358655788E-02
8.5	8.5	0.140909291132107
9	8.5	0.21103256303791
9.5	8.5	0.31605256335153
10	8.5	0.473335590314225
10.5	8.5	0.708890251299495
11	8.5	1.02976816999565
11.5	8.5	1.43620997559481
12	8.5	1.93417044001722
12.5	8.5	2.52714439071667
13	8.5	3.2162257931314
13.5	8.5	4.00030886791735
14	8.5	4.87637994618876
14.5	8.5	5.83985536786895
15	8.5	6.88493029958733
15.5	8.5	8.0049133399059
16	8.5	9.19253073591316
16.5	8.5	10.440191309159
0.5	9	0
1	9	0
1.5	9	0
2	9	0
2.5	9	0
3	9	0
3.5	9	2.05263910182424E-03
4	9	0.003078141843479
4.5	9	4.61598787636639E-03
5	9	6.92214496869299E-03
5.5	9	0.010380462915193
6	9	1.55665636621364E-02
6.5	9	2.33436510709639E-02
7	9	0.035006187438039
7.5	9	5.24953511008988E-02
8	9	7.87221371103133E-02
8.5	9	0.118051879666519
9	9	0.177030842966946
9.5	9	0.265475818344601
10	9	0.398108086390882
10.5	9	0.5970037099352
11	9	0.895267998466245
11.5	9	1.26139425673495
12	9	1.7142808586694
12.5	9	2.25823764179479
13	9	2.89527078390529
13.5	9	3.62521949754079
14	9	4.44599543876332
14.5	9	5.3538814485635
15	9	6.34385392084824
15.5	9	7.40990200599626
16	9	8.54532535502784
16.5	9	9.74299933350748
0.5	9.5	0
1	9.5	0
1.5	9.5	0
2	9.5	0
2.5	9.5	0
3	9.5	0
3.5	9.5	1.68425435215588E-03
4	9.5	2.53411727597076E-03
4.5	9.5	3.81281506570162E-03
5	9.5	5.73673478457001E-03
5.5	9.5	8.63145088901381E-03
6	9.5	1.29868204208854E-02
6.5	9.5	1.95398788469033E-02
7	9.5	2.93995645568208E-02
7.5	9.5	4.42343784678919E-02
8	9.5	6.65547353485118E-02
8.5	9.5	0.100137787637859
9	9.5	0.150666612382964
9.5	9.5	0.226691927417577
10	9.5	0.341079082774324
10.5	9.5	0.51318519380657
11	9.5	0.772134840401631
11.5	9.5	1.09967102754991
12	9.5	1.50894772624393
12.5	9.5	2.00501305325507
13	9.5	2.59073417656822
13.5	9.5	3.26686889141955
14	9.5	4.03224981381932
14.5	9.5	4.88404007074424
15	9.5	5.81802494008661
15.5	9.5	6.82891150498983
16	9.5	7.9106162210834
16.5	9.5	9.05652731142104
0.5	10	0
1	10	0
1.5	10	0
2	10	0
2.5	10	0
3	10	0
3.5	10	1.36664859281873E-03
4	10	2.05746124585798E-03
4.5	10	3.09746543511713E-03
5	10	4.66317027407457E-03
5.5	10	7.02030658953596E-03
6	10	0.010568926655989
6.5	10	1.59113009147165E-02
7	10	2.39541350828846E-02
7.5	10	3.60624559012876E-02
8	10	5.42912829510396E-02
8.5	10	8.17344057913871E-02
9	10	0.12304946074116
9.5	10	0.185248423134505
10	10	0.278887677094399
10.5	10	0.419859641011016
11	10	0.632090022716315
11.5	10	0.951598481472119
12	10	1.31908079964609
12.5	10	1.76877561721461
13	10	2.30434515234834
13.5	10	2.92742461186645
14	10	3.63774950046679
14.5	10	4.43336507406558
15	10	5.31088334165888
15.5	10	6.26575912519322
16	10	7.29256365965713
16.5	10	8.385240857441
0.5	10.5	0
1	10.5	0
1.5	10.5	0
2	10.5	0
2.5	10.5	0
3	10.5	0
3.5	10.5	1.09361690504591E-03
4	10.5	1.6573995997043E-03
4.5	10.5	2.51182422329569E-03
5	10.5	3.8067228505791E-03
5.5	10.5	5.7691691666655E-03
6	10.5	8.7432981543536E-03
6.5	10.5	0.013250653674298
7	10.5	2.00816465018707E-02
7.5	10.5	3.04341609205526E-02
8	10.5	4.61236159520985E-02
8.5	10.5	6.99013176032734E-02
9	10.5	0.105936928443517
9.5	10.5	0.160549660476231
10	10.5	0.243316413433457
10.5	10.5	0.36875118184934
11	10.5	0.558850232076404
11.5	10.5	0.846949372000798
12	10.5	1.15882033433065
12.5	10.5	1.55037321823068
13	10.5	2.03733860238782
13.5	10.5	2.60853309032088
14	10.5	3.26456327337376
14.5	10.5	4.00434586835509
15	10.5	4.8253267115336
15.5	10.5	5.72372943347433
16	10.5	6.69481133993854
16.5	10.5	7.73311012290778
0.5	11	0
1	11	0
1.5	11	0
2	11	0
2.5	11	0
3	11	0
3.5	11	0
4	11	2.88634647429104E-03
4.5	11	4.18922286063369E-03
5	11	6.08020843387021E-03
5.5	11	8.82477152187465E-03
6	11	1.28082109783397E-02
6.5	11	1.85897468346933E-02
7	11	2.69810270897635E-02
7.5	11	0.0391600719091
8	11	5.68366514300594E-02
8.5	11	8.24923139385605E-02
9	11	0.119728761067353
9.5	11	0.173773477095089
10	11	0.252213595735198
10.5	11	0.366061029203376
11	11	0.531298389013589
11.5	11	0.771122724488672
12	11	1.06090192248636
12.5	11	1.41454889485214
13	11	1.83535819904646
13.5	11	2.32525511954337
14	11	2.91423340906122
14.5	11	3.5989306429336
15	11	4.36370581375972
15.5	11	5.2055627627478
16	11	6.1204683705013
16.5	11	7.1035862854106
0.5	11.5	0
1	11.5	0
1.5	11.5	0
2	11.5	0
2.5	11.5	0
3	11.5	0
3.5	11.5	0
4	11.5	2.30503746540596E-03
4.5	11.5	3.36258673614216E-03
5	11.5	4.90533873213543E-03
5.5	11.5	7.15590405991857E-03
6	11.5	1.04390268870316E-02
6.5	11.5	0.01522844373481
7	11.5	2.22152410463057E-02
7.5	11.5	0.032407575149479
8	11.5	4.72761436565092E-02
8.5	11.5	6.89663990200397E-02
9	11.5	0.100608125492411
9.5	11.5	0.146767049736142
10	11.5	0.214103650006638
10.5	11.5	0.312334226439632
11	11.5	0.455632909586637
11.5	11.5	0.664676909299628
12	11.5	0.969630122101835
12.5	11.5	1.29980310175571
13	11.5	1.69447151430204
13.5	11.5	2.15578774469448
14	11.5	2.6846355730408
14.5	11.5	3.28073106762857
15	11.5	3.94275782064715
15.5	11.5	4.71345612035789
16	11.5	5.57210348385676
16.5	11.5	6.49958963986008
0.5	12	0
1	12	0
1.5	12	0
2	12	0
2.5	12	0
3	12	0
3.5	12	0
4	12	1.70296655828313E-03
4.5	12	2.51710743783204E-03
5	12	3.72046639599132E-03
5.5	12	5.49911775542745E-03
6	12	8.1280927898288E-03
6.5	12	1.20139075645111E-02
7	12	1.77574221531071E-02
7.5	12	2.62467510949667E-02
8	12	3.87945917544454E-02
8.5	12	5.73412055438243E-02
9	12	8.47544388153626E-02
9.5	12	0.125273175385492
10	12	0.185162791359544
10.5	12	0.273683964652089
11	12	0.404524645355133
11.5	12	0.597916611255314
12	12	0.8837638895924
12.5	12	1.19176686401093
13	12	1.56178477899139
13.5	12	1.99619379384392
14	12	2.49613263422452
14.5	12	3.06159107775354
15	12	3.69153506499257
15.5	12	4.38405192427993
16	12	5.13650266482829
16.5	12	5.94567173737178
0.5	12.5	0
1	12.5	0
1.5	12.5	0
2	12.5	0
2.5	12.5	0
3	12.5	0
3.5	12.5	0
4	12.5	1.22789449912547E-03
4.5	12.5	1.84126096347875E-03
5	12.5	2.76102054211115E-03
5.5	12.5	4.14022487043712E-03
6	12.5	6.20837900926274E-03
6.5	12.5	9.3096319955647E-03
7	12.5	1.39600446048049E-02
7.5	12.5	2.09334639071649E-02
8	12.5	0.031390294483855
8.5	12.5	4.70705943437236E-02
9	12.5	7.05836274652013E-02
9.5	12.5	0.10584205565296
10	12.5	0.158713020953299
10.5	12.5	0.237994461319949
11	12.5	0.356879122322543
11.5	12.5	0.535149882242377
12	12.5	0.802471701343174
12.5	12.5	1.08928919399322
13	12.5	1.43578082422619
13.5	12.5	1.84455477900105
14	12.5	2.31700717410841
14.5	12.5	2.8533974011118
15	12.5	3.45296314559671
15.5	12.5	4.11405823335757
16	12.5	4.83429977935301
16.5	12.5	5.61071454273873
0.5	13	0
1	13	0
1.5	13	0
2	13	0
2.5	13	0
3	13	0
3.5	13	0
4	13	0
4.5	13	2.88269091281615E-03
5	13	4.15272660105531E-03
5.5	13	5.98230568058557E-03
6	13	8.61794784344139E-03
6.5	13	1.24147826937868E-02
7	13	1.78844003391416E-02
7.5	13	2.57637836585544E-02
8	13	3.71146102646825E-02
8.5	13	5.34663042259285E-02
9	13	7.70221125102253E-02
9.5	13	0.110955973139076
10	13	0.159840175425012
10.5	13	0.230261435748707
11	13	0.33170839966908
11.5	13	0.477850153471216
12	13	0.68837801334022
12.5	13	0.991658757055878
13	13	1.31545290866317
13.5	13	1.69952114532667
14	13	2.14552925123786
14.5	13	2.65401414469333
15	13	3.22448775747833
15.5	13	3.85556716584624
16	13	4.54511684855507
16.5	13	5.29039232016122
0.5	13.5	0
1	13.5	0
1.5	13.5	0
2	13.5	0
2.5	13.5	0
3	13.5	0
3.5	13.5	0
4	13.5	0
4.5	13.5	2.09847883434557E-03
5	13.5	3.06465455878234E-03
5.5	13.5	4.47567419358528E-03
6	13.5	6.53635152115946E-03
6.5	13.5	9.54580010971246E-03
7	13.5	1.39408505554828E-02
7.5	13.5	0.020359457769555
8	13.5	2.97333020693828E-02
8.5	13.5	4.34230254044967E-02
9	13.5	6.34157326649965E-02
9.5	13.5	9.26134259871688E-02
10	13.5	0.135254239171081
10.5	13.5	0.197527615664305
11	13.5	0.288472725063155
11.5	13.5	0.421290526013272
12	13.5	0.615259925421657
12.5	13.5	0.898536170305283
13	13.5	1.20024890722388
13.5	13.5	1.560274979494
14	13.5	1.98056730448847
14.5	13.5	2.46195643819617
15	13.5	3.00424137372436
15.5	13.5	3.60631069644328
16	13.5	4.26627935385804
16.5	13.5	4.98162953593107
0.5	14	0
1	14	0
1.5	14	0
2	14	0
2.5	14	0
3	14	0
3.5	14	0
4	14	0
4.5	14	1.50941123951577E-03
5	14	2.23567119556339E-03
5.5	14	3.3113743715565E-03
6	14	4.90465693271946E-03
6.5	14	7.26455451075011E-03
7	14	1.07599273432563E-02
7.5	14	0.015937114417798
8	14	2.36053281647084E-02
8.5	14	3.49631371875766E-02
9	14	5.17858067241322E-02
9.5	14	7.67027788061902E-02
10	14	0.113608663237252
10.5	14	0.168271978713679
11	14	0.249236792453802
11.5	14	0.369158187759577
12	14	0.546780297757181
12.5	14	0.809866078902041
13	14	1.08998532976044
13.5	14	1.42645233819914
14	14	1.82152508185891
14.5	14	2.2763477501044
15	14	2.79102590850568
15.5	14	3.36473665769123
16	14	3.99585852606723
16.5	14	4.68210882669343
0.5	14.5	0
1	14.5	0
1.5	14.5	0
2	14.5	0
2.5	14.5	0
3	14.5	0
3.5	14.5	0
4	14.5	0
4.5	14.5	1.07277103293004E-03
5	14.5	0.001602471904174
5.5	14.5	2.39372254175556E-03
6	14.5	3.57566806131444E-03
6.5	14.5	5.34122140794452E-03
7	14.5	7.97854992115726E-03
7.5	14.5	1.19181089834087E-02
8	14.5	1.78028994170666E-02
8.5	14.5	2.65934157923383E-02
9	14.5	3.97244149358182E-02
9.5	14.5	0.059339091838202
10	14.5	8.86388843201738E-02
10.5	14.5	0.13240600033024
11	14.5	0.197783952922133
11.5	14.5	0.295443499055459
12	14.5	0.441324282604958
12.5	14.5	0.659236446357617
13	14.5	0.984746838857346
13.5	14.5	1.2980417019126
14	14.5	1.66824489520215
14.5	14.5	2.09683382901877
15	14.5	2.58424287530572
15.5	14.5	3.12995999693976
16	14.5	3.73264773127605
16.5	14.5	4.39027557589936
0.5	15	0
1	15	0
1.5	15	0
2	15	0
2.5	15	0
3	15	0
3.5	15	0
4	15	0
4.5	15	0
5	15	2.37955188862806E-03
5.5	15	3.4437652652693E-03
6	15	4.98392964614569E-03
6.5	15	7.21290587608835E-03
7	15	0.010438753126771
7.5	15	1.51073046998868E-02
8	15	0.021863785121032
8.5	15	3.16419844118352E-02
9	15	4.57933140111084E-02
9.5	15	6.62735807219353E-02
10	15	9.59132920723193E-02
10.5	15	0.138808851067635
11	15	0.200888706021986
11.5	15	0.290732701097885
12	15	0.420757867186529
12.5	15	0.608934537225489
13	15	0.88126996437511
13.5	15	1.17527421587659
14	15	1.52089406354716
14.5	15	1.92347066593474
15	15	2.38378829080697
15.5	15	2.90166982201068
16	15	3.47608637287367
16.5	15	4.10528271040222
0.5	15.5	0
1	15.5	0
1.5	15.5	0
2	15.5	0
2.5	15.5	0
3	15.5	0
3.5	15.5	0
4	15.5	0
4.5	15.5	0
5	15.5	1.7110455583731E-03
5.5	15.5	2.50480155468652E-03
6	15.5	3.66678186776366E-03
6.5	15.5	5.36780618033554E-03
7	15.5	7.85793762180387E-03
7.5	15.5	1.15032438940075E-02
8	15.5	1.68396119253801E-02
8.5	15.5	0.024651527204872
9	15.5	3.60873989392026E-02
9.5	15.5	5.28283846827866E-02
10	15.5	7.73355329070483E-02
10.5	15.5	0.113211575290999
11	15.5	0.165730554870223
11.5	15.5	0.242613149291421
12	15.5	0.355161667413671
12.5	15.5	0.519921572134341
13	15.5	0.76111378555894
13.5	15.5	1.03735100702069
14	15.5	1.37401920196596
14.5	15.5	1.75660289943915
15	15.5	2.18992966443467
15.5	15.5	2.6800098916613
16	15.5	3.22614869073239
16.5	15.5	3.82689227386308
0.5	16	0
1	16	0
1.5	16	0
2	16	0
2.5	16	0
3	16	0
3.5	16	0
4	16	0
4.5	16	0
5	16	1.21711547188842E-03
5.5	16	1.79513744202826E-03
6	16	2.64766861501797E-03
6.5	16	3.90507653109318E-03
7	16	5.7596417569769E-03
7.5	16	8.49496108580119E-03
8	16	1.25293146508393E-02
8.5	16	1.84796285744174E-02
9	16	2.72558142057316E-02
9.5	16	4.01999101348701E-02
10	16	0.059291304330648
10.5	16	8.74494186040518E-02
11	16	0.128980141363389
11.5	16	0.190234276358574
12	16	0.280578696217357
12.5	16	0.413828707833094
13	16	0.610360664354009
13.5	16	0.900227880616058
14	16	1.20283962840764
14.5	16	1.56601486422181
15	16	1.99261209602141
15.5	16	2.46544906492577
16	16	2.9832146743606
16.5	16	3.55535117414916
0.5	16.5	0
1	16.5	0
1.5	16.5	0
2	16.5	0
2.5	16.5	0
3	16.5	0
3.5	16.5	0
4	16.5	0
4.5	16.5	0
5	16.5	0
5.5	16.5	2.53404774317308E-03
6	16.5	3.62454001187661E-03
6.5	16.5	5.18431049023735E-03
7	16.5	7.41530654127594E-03
7.5	16.5	0.010606380772262
8	16.5	0.015170689500161
8.5	16.5	2.16991851275211E-02
9	16.5	3.10371282197448E-02
9.5	16.5	4.43935254926749E-02
10	16.5	0.063497662918924
10.5	16.5	0.090823000683525
11	16.5	0.129907418225643
11.5	16.5	0.185811272288358
12	16.5	0.265772573891419
12.5	16.5	0.380144111619086
13	16.5	0.543733852905767
13.5	16.5	0.777722168407531
14	16.5	1.04854773575025
14.5	16.5	1.37636910696924
15	16.5	1.76445670609108
15.5	16.5	2.21499793405423
16	16.5	2.7291054173373
16.5	16.5	3.29125718096554
