waveHeight	wavePeriod	value
0.5	6.5	0
1	6.5	0
1.5	6.5	0
2	6.5	0
2.5	6.5	0
3	6.5	0
3.5	6.5	0
4	6.5	0
4.5	6.5	3.75263896939036E-03
5	6.5	5.47500689287876E-03
5.5	6.5	7.98789884174222E-03
6	6.5	1.16541456758527E-02
6.5	6.5	1.70031085927439E-02
7	6.5	2.48071124094205E-02
7.5	6.5	3.61929598189032E-02
8	6.5	5.28046279161171E-02
8.5	6.5	7.70406383813699E-02
9	6.5	0.112400374672415
9.5	6.5	0.1639893501915
10	6.5	0.239256381970321
10.5	6.5	0.349069108735912
11	6.5	0.509283145010521
11.5	6.5	1.00578874346893
12	6.5	1.75545910453217
12.5	6.5	2.78521171081562
13	6.5	4.1006426478172
13.5	6.5	5.68885671895716
14	6.5	7.52332907559626
14.5	6.5	9.56909357307034
15	6.5	11.7872710836149
15.5	6.5	14.1385405304682
16	6.5	16.5855243914814
16.5	6.5	19.0942426588433
17	6.5	21.6348496186013
0.5	7	0
1	7	0
1.5	7	0
2	7	0
2.5	7	0
3	7	0
3.5	7	0
4	7	0
4.5	7	2.4586898516099E-03
5	7	3.69145736084247E-03
5.5	7	5.54232468076257E-03
6	7	8.32120213356051E-03
6.5	7	1.24933866086757E-02
7	7	1.87574711500309E-02
7.5	7	2.81623177897909E-02
8	7	4.22826796293308E-02
8.5	7	6.34828784328515E-02
9	7	0.095312688066359
9.5	7	0.143101710739914
10	7	0.214851768763806
10.5	7	0.322576734423765
11	7	0.484314139884474
11.5	7	0.727145392277109
12	7	1.31997454889969
12.5	7	2.16357651417338
13	7	3.27351821197105
13.5	7	4.64745790256784
14	7	6.26847584600081
14.5	7	8.10943200936149
15	7	10.1372223524685
15.5	7	12.316338907048
16	7	14.6115336746284
16.5	7	16.9896194928993
17	7	19.4205494492744
0.5	7.5	0
1	7.5	0
1.5	7.5	0
2	7.5	0
2.5	7.5	0
3	7.5	0
3.5	7.5	0
4	7.5	0
4.5	7.5	1.57111666743594E-03
5	7.5	2.41156562378441E-03
5.5	7.5	3.70160210145934E-03
6	7.5	5.68172724905004E-03
6.5	7.5	8.72109525761038E-03
7	7.5	1.33863346757856E-02
7.5	7.5	2.05471848155503E-02
8	7.5	3.15386410148604E-02
8.5	7.5	4.84098374542993E-02
9	7.5	7.43060666833254E-02
9.5	7.5	0.114055155652179
10	7.5	0.175067516173104
10.5	7.5	0.268717665972819
11	7.5	0.412464776929147
11.5	7.5	0.633107583721049
12	7.5	0.971780464623669
12.5	7.5	1.64953455958595
13	7.5	2.56998389294299
13.5	7.5	3.74025768326152
14	7.5	5.15280402249779
14.5	7.5	6.78868411697935
15	7.5	8.62130965196872
15.5	7.5	10.6198881670563
16	7.5	12.7522215943077
16.5	7.5	14.9867657835643
17	7.5	17.2940072298708
0.5	8	0
1	8	0
1.5	8	0
2	8	0
2.5	8	0
3	8	0
3.5	8	0
4	8	0
4.5	8	0
5	8	6.20928717609893E-03
5.5	8	8.72569285041179E-03
6	8	1.22619092273265E-02
6.5	8	1.72312297117012E-02
7	8	2.42144409873561E-02
7.5	8	3.40277021512856E-02
8	8	4.78179328732474E-02
8.5	8	6.71968590210553E-02
9	8	9.44293822626074E-02
9.5	8	0.13269828924152
10	8	0.186476238070223
10.5	8	0.262048497863696
11	8	0.368247536218313
11.5	8	0.517485309155992
12	8	0.727203901870819
12.5	8	1.234314110706
13	8	1.98426121787457
13.5	8	2.96539924889139
14	8	4.17883346365407
14.5	8	5.61379169540027
15	8	7.2506357128779
15.5	8	9.06399211319854
16	8	11.0255268163509
16.5	8	13.1061532199813
17	8	15.2776392480757
0.5	8.5	0
1	8.5	0
1.5	8.5	0
2	8.5	0
2.5	8.5	0
3	8.5	0
3.5	8.5	0
4	8.5	0
4.5	8.5	0
5	8.5	4.04472496661358E-03
5.5	8.5	5.77524771284645E-03
6	8.5	8.24616912646675E-03
6.5	8.5	1.17742664286133E-02
7	8.5	1.68118489696039E-02
7.5	8.5	2.40047452204679E-02
8	8.5	3.42750993148588E-02
8.5	8.5	4.89395918287748E-02
9	8.5	6.98782409458628E-02
9.5	8.5	9.97754246658233E-02
10	8.5	0.142464023600107
10.5	8.5	0.203416804171058
11	8.5	0.290448038554032
11.5	8.5	0.41471531048607
12	8.5	0.592149940511864
12.5	8.5	1.00140115265481
13	8.5	1.56283734811123
13.5	8.5	2.31611656663666
14	8.5	3.34346108476577
14.5	8.5	4.58566700857643
15	8.5	6.03014142975823
15.5	8.5	7.65738278248221
16	8.5	9.44357210157088
16.5	8.5	11.3628065917798
17	8.5	13.3888524850261
0.5	9	0
1	9	0
1.5	9	0
2	9	0
2.5	9	0
3	9	0
3.5	9	0
4	9	0
4.5	9	0
5	9	2.5351169574588E-03
5.5	9	3.72909487606725E-03
6	9	5.48540711456978E-03
6.5	9	8.06889934758264E-03
7	9	1.18691530676891E-02
7.5	9	1.74592330968212E-02
8	9	2.56821037348442E-02
8.5	9	3.77777447949526E-02
9	9	5.55701361744859E-02
9.5	9	8.17423075732009E-02
10	9	0.12024092988384
10.5	9	0.176871459205911
11	9	0.260173579095322
11.5	9	0.382708954645227
12	9	0.562955487159515
12.5	9	0.828093716324963
13	9	1.31567294903799
13.5	9	1.95416546436494
14	9	2.7489042081474
14.5	9	3.700192041498
15	9	4.95938108004445
15.5	9	6.40327949832374
16	9	8.01302878174758
16.5	9	9.76650195153717
17	9	11.6401064970572
0.5	9.5	0
1	9.5	0
1.5	9.5	0
2	9.5	0
2.5	9.5	0
3	9.5	0
3.5	9.5	0
4	9.5	0
4.5	9.5	0
5	9.5	1.32816051309367E-03
5.5	9.5	2.01300798674553E-03
6	9.5	3.0509875235355E-03
6.5	9.5	4.62418675437973E-03
7	9.5	7.00858426146631E-03
7.5	9.5	1.06224631398266E-02
8	9.5	1.60997883377617E-02
8.5	9.5	2.44014200010637E-02
9	9.5	3.69836724295155E-02
9.5	9.5	5.60537881120884E-02
10	9.5	8.49571433908591E-02
10.5	9.5	0.1287641113336
11	9.5	0.195159532274431
11.5	9.5	0.295790827452679
12	9.5	0.448311248676854
12.5	9.5	0.679476701225135
13	9.5	1.10179619238672
13.5	9.5	1.66388065866305
14	9.5	2.37279141840973
14.5	9.5	3.2293374806353
15	9.5	4.22908949725229
15.5	9.5	5.36358921452967
16	9.5	6.73566619598588
16.5	9.5	8.32214964437972
17	9.5	10.0391522848587
0.5	10	0
1	10	0
1.5	10	0
2	10	0
2.5	10	0
3	10	0
3.5	10	0
4	10	0
4.5	10	0
5	10	0
5.5	10	4.44425733909763E-03
6	10	6.33927665477626E-03
6.5	10	9.04232708404566E-03
7	10	1.28979509094719E-02
7.5	10	0.018397602311541
8	10	2.62422902047994E-02
8.5	10	3.74319318099895E-02
9	10	5.33928063478032E-02
9.5	10	7.61593546431184E-02
10	10	0.108633497589042
10.5	10	0.154954527303033
11	10	0.221026718872101
11.5	10	0.315271914319929
12	10	0.449703006343181
12.5	10	0.641455152611133
13	10	0.914969895703505
13.5	10	1.40803692748019
14	10	2.03930688815487
14.5	10	2.81143121980871
15	10	3.7217974901209
15.5	10	4.76364598766886
16	10	5.92721647360963
16.5	10	7.20078688634275
17	10	8.58941570156399
0.5	10.5	0
1	10.5	0
1.5	10.5	0
2	10.5	0
2.5	10.5	0
3	10.5	0
3.5	10.5	0
4	10.5	0
4.5	10.5	0
5	10.5	0
5.5	10.5	2.40091961721707E-03
6	10.5	3.52164133706996E-03
6.5	10.5	5.16550309224227E-03
7	10.5	7.57670064668325E-03
7.5	10.5	1.11134175441043E-02
8	10.5	1.63010332952342E-02
8.5	10.5	2.39101685361673E-02
9	10.5	0.035071160770837
9.5	10.5	0.051441976076136
10	10.5	7.54545000637169E-02
10.5	10.5	0.110675794635864
11	10.5	0.162337985248544
11.5	10.5	0.238115493466868
12	10.5	0.349265072756461
12.5	10.5	0.512297999897052
13	10.5	0.751432826154716
13.5	10.5	1.18117268537003
14	10.5	1.74091292214111
14.5	10.5	2.43518817082558
15	10.5	3.26320469627287
15.5	10.5	4.21984543048994
16	10.5	5.29677544999872
16.5	10.5	6.48348043346374
17	10.5	7.76815452405188
0.5	11	0
1	11	0
1.5	11	0
2	11	0
2.5	11	0
3	11	0
3.5	11	0
4	11	0
4.5	11	0
5	11	0
5.5	11	1.25866769852941E-03
6	11	1.9081929192796E-03
6.5	11	2.89290034330989E-03
7	11	4.38575801836743E-03
7.5	11	6.64899274534525E-03
8	11	1.00801513313109E-02
8.5	11	1.52819313772393E-02
9	11	2.31680476753598E-02
9.5	11	3.51237300991407E-02
10	11	5.32490451230102E-02
10.5	11	8.07277814317832E-02
11	11	0.122386695946245
11.5	11	0.185543354208191
12	11	0.281291491895057
12.5	11	0.426449676681839
13	11	0.646515561195475
13.5	11	0.980144654159848
14	11	1.47309494341063
14.5	11	2.09436811356938
15	11	2.8450905547844
15.5	11	3.72186163716601
16	11	4.71779499788342
16.5	11	5.82355264936645
17	11	7.0282601996662
0.5	11.5	0
1	11.5	0
1.5	11.5	0
2	11.5	0
2.5	11.5	0
3	11.5	0
3.5	11.5	0
4	11.5	0
4.5	11.5	0
5	11.5	0
5.5	11.5	0
6	11.5	3.75563762907465E-03
6.5	11.5	5.37065392886899E-03
7	11.5	7.68016685113009E-03
7.5	11.5	1.09828269783191E-02
8	11.5	1.57057119687372E-02
8.5	11.5	2.24595533492315E-02
9	11.5	3.21177121833804E-02
9.5	11.5	4.59291162141371E-02
10	11.5	6.56797627479605E-02
10.5	11.5	9.39236717405108E-02
11	11.5	0.134313154374072
11.5	11.5	0.192071105224183
12	11.5	0.27466639164243
12.5	11.5	0.392779677139977
13	11.5	0.561684572515977
13.5	11.5	0.803222715848465
14	11.5	1.23342672639384
14.5	11.5	1.78548527387171
15	11.5	2.46257128488662
15.5	11.5	3.26314915280296
16	11.5	4.18190783019707
16.5	11.5	5.21076656674881
17	11.5	6.33981042916046
0.5	12	0
1	12	0
1.5	12	0
2	12	0
2.5	12	0
3	12	0
3.5	12	0
4	12	0
4.5	12	0
5	12	0
5.5	12	0
6	12	2.05814431980086E-03
6.5	12	3.01749258154521E-03
7	12	4.42401506642711E-03
7.5	12	6.48614993378099E-03
8	12	9.50949314859894E-03
8.5	12	1.39420859626252E-02
9	12	2.04408119288533E-02
9.5	12	2.99687430869978E-02
10	12	4.39378614382105E-02
10.5	12	6.44183061718383E-02
11	12	9.44451558227161E-02
11.5	12	0.138468208626644
12	12	0.203011415813241
12.5	12	0.297639691877738
13	12	0.436376377289897
13.5	12	0.639781413074689
14	12	1.0206700202568
14.5	12	1.5068626323041
15	12	2.11319627233498
15.5	12	2.84015983648205
16	12	3.68419943139266
16.5	12	4.63865470328381
17	12	5.69469133051138
0.5	12.5	0
1	12.5	0
1.5	12.5	0
2	12.5	0
2.5	12.5	0
3	12.5	0
3.5	12.5	0
4	12.5	0
4.5	12.5	0
5	12.5	0
5.5	12.5	0
6	12.5	1.09939242398898E-03
6.5	12.5	1.66010720012813E-03
7	12.5	2.50679907900192E-03
7.5	12.5	3.78532279240754E-03
8	12.5	5.71592225429768E-03
8.5	12.5	8.63117071091198E-03
9	12.5	1.30332612178012E-02
9.5	12.5	1.96805165441447E-02
10	12.5	2.97180210671554E-02
10.5	12.5	4.48748778603905E-02
11	12.5	6.77620713180861E-02
11.5	12.5	0.102322246393685
12	12.5	0.154508885330598
12.5	12.5	0.233311879747561
13	12.5	0.352306167472952
13.5	12.5	0.531990208873093
14	12.5	0.803317138518633
14.5	12.5	1.25776023242868
15	12.5	1.79601653532604
15.5	12.5	2.4514267140216
16	12.5	3.22237627149354
16.5	12.5	4.10382787786617
17	12.5	5.08821378713802
0.5	13	0
1	13	0
1.5	13	0
2	13	0
2.5	13	0
3	13	0
3.5	13	0
4	13	0
4.5	13	0
5	13	0
5.5	13	0
6	13	0
6.5	13	3.01902014563187E-03
7	13	4.33326359148536E-03
7.5	13	6.21962505962761E-03
8	13	8.92715964899049E-03
8.5	13	1.28133414208309E-02
9	13	1.83912604705514E-02
9.5	13	2.63973658850442E-02
10	13	3.78886986449171E-02
10.5	13	0.054382452069533
11	13	7.80562858812204E-02
11.5	13	0.112035841226516
12	13	0.160807417078923
12.5	13	0.230810293424874
13	13	0.331286905284538
13.5	13	0.475503115500041
14	13	0.682499698127365
14.5	13	0.979606279664647
15	13	1.47751710336849
15.5	13	2.0966694285416
16	13	2.79586339065124
16.5	13	3.60512503543452
17	13	4.51836629717175
0.5	13.5	0
1	13.5	0
1.5	13.5	0
2	13.5	0
2.5	13.5	0
3	13.5	0
3.5	13.5	0
4	13.5	0
4.5	13.5	0
5	13.5	0
5.5	13.5	0
6	13.5	0
6.5	13.5	1.68224297462812E-03
7	13.5	2.46408948773146E-03
7.5	13.5	3.60931036427181E-03
8	13.5	5.2867890433773E-03
8.5	13.5	7.74389996101465E-03
9	13.5	1.13429883648042E-02
9.5	13.5	1.66148046451809E-02
10	13.5	2.43367730371723E-02
10.5	13.5	3.56476368221774E-02
11	13.5	5.22153865290561E-02
11.5	13.5	7.64832351714977E-02
12	13.5	0.112029913999458
12.5	13.5	0.164097420860711
13	13.5	0.240364047171075
13.5	13.5	0.352076680239229
14	13.5	0.515709359312176
14.5	13.5	0.755392669294266
15	13.5	1.16595613050773
15.5	13.5	1.70271568106097
16	13.5	2.3739743590579
16.5	13.5	3.14274748738189
17	13.5	3.98497405166867
0.5	14	0
1	14	0
1.5	14	0
2	14	0
2.5	14	0
3	14	0
3.5	14	0
4	14	0
4.5	14	0
5	14	0
5.5	14	0
6	14	0
6.5	14	0
7	14	4.08909699782286E-03
7.5	14	5.73320699169356E-03
8	14	8.03836701039485E-03
8.5	14	1.12703665308824E-02
9	14	1.58018614447657E-02
9.5	14	0.02215534201442
10	14	3.10633770262883E-02
10.5	14	4.35530804105528E-02
11	14	6.10645394942989E-02
11.5	14	8.56168598983252E-02
12	14	0.120040972380276
12.5	14	0.168306044710292
13	14	0.235977134509426
13.5	14	0.330856851321838
14	14	0.463885012817749
14.5	14	0.650400027254084
15	14	0.911907442067563
15.5	14	1.35984660173544
16	14	1.93104305958262
16.5	14	2.63139392999682
17	14	3.46236643810009
0.5	14.5	0
1	14.5	0
1.5	14.5	0
2	14.5	0
2.5	14.5	0
3	14.5	0
3.5	14.5	0
4	14.5	0
4.5	14.5	0
5	14.5	0
5.5	14.5	0
6	14.5	0
6.5	14.5	0
7	14.5	2.36421752814213E-03
7.5	14.5	3.37610234557577E-03
8	14.5	4.82107374305744E-03
8.5	14.5	6.88449272471153E-03
9	14.5	9.83105478211334E-03
9.5	14.5	1.40387450453677E-02
10	14.5	2.00473262347611E-02
10.5	14.5	0.028627579449885
11	14.5	4.08801800081668E-02
11.5	14.5	5.83768921303904E-02
12	14.5	8.33621949346221E-02
12.5	14.5	0.119041204331263
13	14.5	0.169990825454527
13.5	14.5	0.242746878285088
14	14.5	0.346642512968549
14.5	14.5	0.495005466789281
15	14.5	0.706867746984934
15.5	14.5	1.07717611591146
16	14.5	1.55900193222141
16.5	14.5	2.16036670695222
17	14.5	2.88520735189815
0.5	15	0
1	15	0
1.5	15	0
2	15	0
2.5	15	0
3	15	0
3.5	15	0
4	15	0
4.5	15	0
5	15	0
5.5	15	0
6	15	0
6.5	15	0
7	15	1.34090707376524E-03
7.5	15	1.95935187603158E-03
8	15	2.86303193503815E-03
8.5	15	4.18350167793762E-03
9	15	6.11299024475381E-03
9.5	15	8.93238550124766E-03
10	15	1.30521246637639E-02
10.5	15	1.90719442431856E-02
11	15	2.78681874855986E-02
11.5	15	4.07213792065257E-02
12	15	0.059502639894991
12.5	15	8.69460765686832E-02
13	15	0.127046804041441
13.5	15	0.185642539078732
14	15	0.271263433784271
14.5	15	0.396373863843923
15	15	0.579186946603015
15.5	15	0.846315939860791
16	15	1.24922339831209
16.5	15	1.7614224425857
17	15	2.38892339732947
0.5	15.5	0
1	15.5	0
1.5	15.5	0
2	15.5	0
2.5	15.5	0
3	15.5	0
3.5	15.5	0
4	15.5	0
4.5	15.5	0
5	15.5	0
5.5	15.5	0
6	15.5	0
6.5	15.5	0
7	15.5	0
7.5	15.5	3.11628908080002E-03
8	15.5	4.37425884378459E-03
8.5	15.5	6.14004026465848E-03
9	15.5	8.61862450257045E-03
9.5	15.5	1.20977526391579E-02
10	15.5	1.69813198004626E-02
10.5	15.5	2.38362637067156E-02
11	15.5	0.033458380984063
11.5	15.5	4.69647119132731E-02
12	15.5	6.59232186443018E-02
12.5	15.5	9.25348113377058E-02
13	15.5	0.129888853811978
13.5	15.5	0.182321810578057
14	15.5	0.255920670918997
14.5	15.5	0.359229592970661
15	15.5	0.504241802752666
15.5	15.5	0.707791898603478
16	15.5	0.993510194898388
16.5	15.5	1.42624461427624
17	15.5	1.96538940631137
0.5	16	0
1	16	0
1.5	16	0
2	16	0
2.5	16	0
3	16	0
3.5	16	0
4	16	0
4.5	16	0
5	16	0
5.5	16	0
6	16	0
6.5	16	0
7	16	0
7.5	16	1.8301953221345E-03
8	16	2.61407344921234E-03
8.5	16	3.73368892119521E-03
9	16	5.33283904645308E-03
9.5	16	7.61690995035303E-03
10	16	1.08792552496732E-02
10.5	16	1.55388727921165E-02
11	16	2.21942184559767E-02
11.5	16	3.17000685610556E-02
12	16	4.52773026799248E-02
12.5	16	6.46697067553995E-02
13	16	9.23679354619254E-02
13.5	16	0.13192939831579
14	16	0.188435153962502
14.5	16	0.269142493653152
15	16	0.38441702817433
15.5	16	0.5490639903962
16	16	0.784229738681303
16.5	16	1.14688256821769
17	16	1.60663117843839
0.5	16.5	0
1	16.5	0
1.5	16.5	0
2	16.5	0
2.5	16.5	0
3	16.5	0
3.5	16.5	0
4	16.5	0
4.5	16.5	0
5	16.5	0
5.5	16.5	0
6	16.5	0
6.5	16.5	0
7	16.5	0
7.5	16.5	1.05686461337555E-03
8	16.5	1.53897484746151E-03
8.5	16.5	2.24100944543364E-03
9	16.5	3.26329136750129E-03
9.5	16.5	4.75190792743306E-03
10	16.5	6.91958713085776E-03
10.5	16.5	1.00760971788014E-02
11	16.5	1.46725133214797E-02
11.5	16.5	2.13656779354928E-02
12	16.5	3.11120653729396E-02
12.5	16.5	4.53044651656987E-02
13	16.5	6.59710160462443E-02
13.5	16.5	9.60650333748778E-02
14	16.5	0.13988704722764
14.5	16.5	0.203699361719947
15	16.5	0.296620958033311
15.5	16.5	0.431930625612677
16	16.5	0.628964543096132
16.5	16.5	0.915879479282089
17	16.5	1.3049833286279
